1003641.513849
1003289.113368
1003289.113368
1003619.567269
1003953.513372
1004073.450539
1003924.035974
1004211.758448
1004556.586662
1004381.178359
1004556.586649
0.000000
1004543.818718
1004509.130476
1004537.011372
1004556.588608
1004570.128981
1004570.144790
1004574.996884
1004570.142721
1004574.996707
1004574.999174
1004570.146332
1004574.999880
1004562.038783
0.000000
0.000000
0.000000
0.000000
1004585.105921
0.000000
1004583.474551
1004585.105921
1004583.474551
1004585.105921
1004583.474551
1004585.105921
1004585.105921
1004585.106123
1004585.106123
1004585.106123
1004585.106123
1004585.106123
1004585.106123
1004583.474753
1004583.474753
1004583.474753
1004585.106123
1004585.106123
1004583.474753
1004585.106123
1004585.106123
1004583.474753
1004583.474753
1004583.474753
1004583.474753
1004583.474753
1004583.474753
1004583.474753
1004991.203253
1005167.162958
1005167.162958
1005167.162958
1005167.162958
1005167.162958
1005167.162958
1005167.162958
1005167.162958
1005167.162958
1005167.162958
1005167.162958
1005167.162958
1005167.162958
1005167.162958
1005167.162958
1005167.162958
1005167.162958
1005167.162958
1005167.162958
1005167.162958
1005167.162958
1005167.162958
1005167.162958
1005167.162958
1005167.162958
1005167.162958
1005167.162958
1005167.162958
1005167.162958
1005167.162958
1005167.162958
1005167.162958
1005167.162958
1005167.162958
1005167.162958
1005167.162958
1005167.162958
1005167.162958
1005167.162958
1005167.162958
