0.000000
1003693.567685
1003911.736153
1003893.566918
1003221.579785
1004170.459482
1004193.858384
1004289.678025
1004286.862784
1004315.203689
1004379.959148
1004406.171519
1004442.117441
1004563.816940
1004453.870100
1004453.871840
1004453.871887
1004573.953215
1004558.575291
1004558.584839
1004558.576158
1004558.582867
1004558.576389
1004558.576217
1004558.574338
1004580.009386
1004529.703131
1004571.523433
1004558.583734
1004558.584839
1004558.582607
1004571.543797
1004571.510894
1004571.492233
1004571.492233
1004571.497999
1004571.498048
1004571.511803
1004574.965523
1004571.543548
1004571.522583
1004571.547893
1004571.547471
1004571.546969
1004571.547600
1004574.996637
1004574.994461
1004571.547409
1004571.547409
1004571.548229
1004574.995411
1004571.547280
1004574.994590
1004574.994590
1004574.968146
1004574.993327
1004574.996128
1004574.995999
1004574.994461
1004574.994461
1004574.969757
1004562.030660
1004562.030660
1004562.031481
1004562.031481
1004562.030660
1005166.993989
0.000000
1004843.551286
1004843.551286
1005166.965224
1005166.649140
1005166.935818
1005166.873539
1005166.957822
1005166.955265
1005167.003887
1005166.990024
1005166.999332
1005166.981058
1005166.989281
1005166.981058
1005166.978900
1005166.880719
1005167.106676
1005167.083972
1005166.947134
1005166.886903
1005166.944282
1005166.912071
1005163.518838
1005163.519340
1005163.494943
1005163.497449
1005163.497138
1005163.497138
1005167.085627
1005167.086129
1005166.944473
1005167.085316
