0.000000
0.000000
0.000000
0.000000
1004081.698888
1004360.205436
1003641.513849
1003774.315642
1003746.826663
1003873.511376
1003848.131972
1003858.359461
1004116.277500
1003793.311914
1004193.255402
1004182.586945
1004343.453778
1004343.437290
1004182.132303
1004552.243838
1004563.108841
1004525.967396
1004392.446257
1004399.537189
1004456.749145
1004438.087684
1004460.923601
0.000000
1004426.096069
1004475.247515
0.000000
0.000000
1004362.364447
0.000000
0.000000
0.000000
1004385.208279
0.000000
1005043.947869
0.000000
1004863.548544
0.000000
0.000000
0.000000
1004545.128243
0.000000
0.000000
0.000000
1004959.741733
1004941.734316
1005026.046290
1005026.051717
0.000000
0.000000
1004966.589315
1004941.757975
0.000000
1004941.805124
1005026.043715
1005026.043419
1004959.798859
0.000000
1005044.039847
1004966.593987
1004941.823788
1004952.791628
1005153.480381
0.000000
1004970.789439
0.000000
1004970.770358
1004970.758031
1004959.803128
1004737.662696
1004970.761675
1004970.756021
1004970.731052
1004977.567342
1004970.759442
1004970.759442
1004970.759442
1004941.811790
1004970.759442
1004952.779580
1004719.683939
1004977.547670
1004966.579880
1004941.811790
1004970.759442
1004966.578208
1004970.758338
1004959.790547
1004941.810685
1004882.904621
1004952.778476
1004882.904621
1004882.901200
1004871.935159
1004871.933431
1004882.920893
